ninputs 2
noutputs 1
ndata 10
maxiter 20
xlabels x1 x2
zlabels z1
monomialpower 1 2 3 4 5 6 
multi2power 1 2 
trace 1
tracefname trace.trc
simulator simwrapper.py
xmax 1.7933406556029081 0.7761809831068125
xmin -1.2585627123917495 -0.9018464935886668
begin_data
-0.15424784630083055 -0.9018464935886668 -0.3742113217379827 
0.6512287439602145 0.1257400421431547 1.363759120321866 
0.9176438346621554 0.6399371100412938 1.6982217026525406 
1.2715925580524168 -0.733754463679196 0.4593399003066001 
0.5881050120262281 0.7761809831068125 0.6445159219868436 
1.7933406556029081 0.7362301796566981 2.5591879469437835 
-0.20617439815669902 0.4595519026420394 -0.5948356384170624 
-0.12844380822534962 -0.1086522956208773 0.03271306258767453 
0.18709817678210383 -0.06774163820207324 0.10651804556863745 
-1.2585627123917495 0.12828279513335272 2.165572245796227 
end_data
